Epoch,Train Loss,Train Accuracy,Test Loss,Test Accuracy
0,0.22487834095954895,0.27656251192092896,0.18513663113117218,0.3499999940395355
1,0.17176610231399536,0.42656245827674866,0.1637801080942154,0.4437499940395355
2,0.15641815960407257,0.4609374701976776,0.15652577579021454,0.4749999940395355
3,0.14737382531166077,0.5296874642372131,0.15336479246616364,0.4749999940395355
4,0.13442647457122803,0.614062488079071,0.1399112492799759,0.5874999761581421
5,0.12434014678001404,0.6921876072883606,0.13226863741874695,0.6625000238418579
6,0.11574216187000275,0.6968750953674316,0.12052087485790253,0.699999988079071
7,0.10894208401441574,0.7234375476837158,0.11623907089233398,0.6312500238418579
8,0.10654474794864655,0.7265625,0.11090721935033798,0.7250000238418579
9,0.10513950139284134,0.7203124761581421,0.10808374732732773,0.6812499761581421
10,0.0967300534248352,0.7406249642372131,0.10361339896917343,0.737500011920929
11,0.09733156859874725,0.7296874523162842,0.10173608362674713,0.768750011920929
12,0.09249180555343628,0.7718749642372131,0.09754452109336853,0.7250000238418579
13,0.08926605433225632,0.7718749642372131,0.09376455843448639,0.762499988079071
14,0.08966317772865295,0.7796875238418579,0.0944598913192749,0.7749999761581421
15,0.08581554889678955,0.768750011920929,0.09026863425970078,0.7437499761581421
16,0.08480288088321686,0.796875,0.08854182064533234,0.768750011920929
17,0.08640684187412262,0.7812499403953552,0.09019767493009567,0.7749999761581421
18,0.08490779250860214,0.768750011920929,0.08649469912052155,0.762499988079071
19,0.08156803250312805,0.7718750238418579,0.08386953920125961,0.762499988079071
20,0.07972920686006546,0.784375011920929,0.08230279386043549,0.7749999761581421
21,0.08121078461408615,0.8031250238418579,0.08431737124919891,0.768750011920929
22,0.0814797654747963,0.7937499284744263,0.08738146722316742,0.768750011920929
23,0.07889148592948914,0.8031249642372131,0.08385557681322098,0.7749999761581421
24,0.07903812825679779,0.7937500476837158,0.08352231979370117,0.762499988079071
25,0.0784360021352768,0.7953124642372131,0.08264359831809998,0.7875000238418579
26,0.07936973124742508,0.784375011920929,0.08474539965391159,0.762499988079071
27,0.0799323096871376,0.800000011920929,0.08373494446277618,0.7749999761581421
28,0.07614685595035553,0.8031250834465027,0.08217041194438934,0.75
29,0.07646148651838303,0.7999999523162842,0.08712799102067947,0.7749999761581421
30,0.0760776549577713,0.8031249642372131,0.08609063923358917,0.7749999761581421
31,0.0783863440155983,0.7906250953674316,0.08208230882883072,0.762499988079071
32,0.07993027567863464,0.796875,0.08192994445562363,0.7437499761581421
33,0.07673168927431107,0.8062499761581421,0.08078468590974808,0.7562500238418579
34,0.07483178377151489,0.8140624761581421,0.07955724745988846,0.7749999761581421
35,0.07871194183826447,0.7999998927116394,0.08098533749580383,0.75
36,0.07396136224269867,0.8171874284744263,0.08049024641513824,0.768750011920929
37,0.07493142038583755,0.8078125715255737,0.0824185237288475,0.8062499761581421
38,0.07446683198213577,0.8062500357627869,0.07970522344112396,0.7562500238418579
39,0.07498316466808319,0.807812511920929,0.08078298717737198,0.7749999761581421
40,0.07577840238809586,0.8031249642372131,0.08065898716449738,0.7562500238418579
41,0.07465258985757828,0.8187499642372131,0.0789756029844284,0.768750011920929
42,0.07451418042182922,0.8187499642372131,0.0780879408121109,0.824999988079071
43,0.07306147366762161,0.8265625238418579,0.07823796570301056,0.793749988079071
44,0.07772635668516159,0.8078124523162842,0.07841114699840546,0.800000011920929
45,0.07572301477193832,0.7968750596046448,0.07915599644184113,0.793749988079071
46,0.07395906001329422,0.8140624761581421,0.07901018857955933,0.8125
47,0.0742221549153328,0.8125,0.07761896401643753,0.800000011920929
48,0.07460366934537888,0.8218750357627869,0.07578170299530029,0.793749988079071
49,0.07534758001565933,0.7843749523162842,0.07907502353191376,0.8062499761581421
50,0.07228191941976547,0.832812488079071,0.07606089115142822,0.800000011920929
51,0.07279391586780548,0.8109374642372131,0.08017276972532272,0.800000011920929
52,0.07454071193933487,0.8125000596046448,0.07952316105365753,0.8062499761581421
53,0.0771113783121109,0.824999988079071,0.08249051123857498,0.800000011920929
54,0.07245666533708572,0.8109375238418579,0.07681091129779816,0.824999988079071
55,0.07276417315006256,0.8046875596046448,0.07744856178760529,0.793749988079071
56,0.0766458585858345,0.7953124642372131,0.07781199365854263,0.824999988079071
57,0.07252077758312225,0.815625011920929,0.07854995876550674,0.7875000238418579
58,0.07469813525676727,0.8250000476837158,0.07824365049600601,0.768750011920929
59,0.07319609075784683,0.824999988079071,0.07644350081682205,0.793749988079071
60,0.07380779087543488,0.8109374642372131,0.07951043546199799,0.8125
61,0.07427778095006943,0.8250001072883606,0.07517664134502411,0.8187500238418579
62,0.07124830037355423,0.8218749761581421,0.0783124715089798,0.8125
63,0.0719086304306984,0.8203125596046448,0.07978296279907227,0.7875000238418579
64,0.07393020391464233,0.8140624761581421,0.07792109251022339,0.8125
65,0.07261622697114944,0.8125000596046448,0.07776222378015518,0.800000011920929
66,0.07099355757236481,0.8203124403953552,0.07557709515094757,0.8187500238418579
67,0.07145866751670837,0.8218749761581421,0.07736147940158844,0.78125
68,0.07304619252681732,0.8046874403953552,0.07913105189800262,0.8062499761581421
69,0.07186384499073029,0.817187488079071,0.07701995223760605,0.800000011920929
70,0.0737476646900177,0.8156249523162842,0.07680575549602509,0.824999988079071
71,0.07257267832756042,0.8187499642372131,0.0776132196187973,0.793749988079071
72,0.07183854281902313,0.828125,0.07667450606822968,0.8187500238418579
73,0.07176042348146439,0.831250011920929,0.076335109770298,0.793749988079071
74,0.07128044962882996,0.8453124761581421,0.07792852073907852,0.8187500238418579
75,0.07283391803503036,0.823437511920929,0.07624184340238571,0.8062499761581421
76,0.07062293589115143,0.8062499761581421,0.07715217769145966,0.84375
77,0.07042310386896133,0.8359375,0.0755176693201065,0.8125
78,0.07064557075500488,0.8499999642372131,0.07686673849821091,0.8062499761581421
79,0.07143457978963852,0.8390624523162842,0.07730354368686676,0.78125
80,0.07022710889577866,0.8234374523162842,0.07429937273263931,0.8062499761581421
81,0.07097792625427246,0.8359375,0.0774403065443039,0.7875000238418579
82,0.07210101187229156,0.8359375,0.07610674947500229,0.793749988079071
83,0.07210417836904526,0.8125,0.07817322015762329,0.800000011920929
84,0.07225886732339859,0.8421874642372131,0.07683295756578445,0.793749988079071
85,0.07169567048549652,0.8265624642372131,0.07292430102825165,0.8187500238418579
86,0.07316523045301437,0.8125,0.07440974563360214,0.8374999761581421
87,0.06999452412128448,0.8046875,0.07425184547901154,0.8062499761581421
88,0.07012137770652771,0.8203124403953552,0.07509176433086395,0.8187500238418579
89,0.07013476639986038,0.8484375476837158,0.0744118019938469,0.800000011920929
90,0.07103429734706879,0.8265624642372131,0.07594794780015945,0.8125
91,0.07120002806186676,0.8187500238418579,0.07119967043399811,0.824999988079071
92,0.07129155099391937,0.8375000357627869,0.07301132380962372,0.8125
93,0.07129360735416412,0.824999988079071,0.07423268258571625,0.800000011920929
94,0.06994733214378357,0.8218750357627869,0.07621128112077713,0.793749988079071
95,0.07017044723033905,0.8359375596046448,0.07469295710325241,0.831250011920929
96,0.07027079910039902,0.817187488079071,0.07363979518413544,0.8125
97,0.06950223445892334,0.8265625834465027,0.07521183788776398,0.8125
98,0.06974071264266968,0.8343749642372131,0.08123363554477692,0.7875000238418579
99,0.07052583992481232,0.831250011920929,0.0705905482172966,0.8374999761581421
100,0.07254642993211746,0.824999988079071,0.07528796792030334,0.84375
101,0.07172325253486633,0.8187499642372131,0.073543481528759,0.8187500238418579
102,0.06930272281169891,0.8218750357627869,0.07157754898071289,0.8374999761581421
103,0.07084102928638458,0.823437511920929,0.07319749146699905,0.8187500238418579
104,0.0714825689792633,0.8281248807907104,0.0740153044462204,0.8125
105,0.07061285525560379,0.8187499642372131,0.07417988032102585,0.824999988079071
106,0.0709029957652092,0.8140625953674316,0.07363062351942062,0.831250011920929
107,0.07219623774290085,0.8156250715255737,0.07064029574394226,0.831250011920929
108,0.06885538250207901,0.8375000357627869,0.07208311557769775,0.831250011920929
109,0.07019919902086258,0.8343749642372131,0.07246257364749908,0.8125
110,0.07116812467575073,0.8265624642372131,0.07406499981880188,0.831250011920929
111,0.0706147626042366,0.8296875357627869,0.0729130357503891,0.8187500238418579
112,0.07018616795539856,0.839062511920929,0.0728951245546341,0.824999988079071
113,0.07056283205747604,0.8453125357627869,0.07211266458034515,0.8062499761581421
114,0.07139992713928223,0.8218750357627869,0.07413514703512192,0.800000011920929
115,0.06935509294271469,0.8296875357627869,0.07089810073375702,0.831250011920929
116,0.07124593108892441,0.8296874761581421,0.07724695652723312,0.800000011920929
117,0.07012438029050827,0.839062511920929,0.07317383587360382,0.8374999761581421
118,0.06998022645711899,0.8421874642372131,0.07231219857931137,0.8374999761581421
119,0.069078229367733,0.840624988079071,0.07258094847202301,0.824999988079071
120,0.0699939876794815,0.8328124284744263,0.07710101455450058,0.8125
121,0.06996487081050873,0.8437501192092896,0.07375042140483856,0.8125
122,0.06985682249069214,0.8265625238418579,0.07154303044080734,0.831250011920929
123,0.06933518499135971,0.8203125,0.07566899061203003,0.7875000238418579
124,0.06948766857385635,0.84375,0.06950243562459946,0.824999988079071
125,0.06993914395570755,0.828125,0.07486823946237564,0.8125
126,0.06935515999794006,0.828125,0.07069933414459229,0.8374999761581421
127,0.07126276195049286,0.8218750953674316,0.07125228643417358,0.8125
128,0.07038798928260803,0.832812488079071,0.0745033398270607,0.8187500238418579
129,0.07089012116193771,0.8250000476837158,0.07593868672847748,0.8062499761581421
130,0.07045304775238037,0.840624988079071,0.0702580064535141,0.824999988079071
131,0.06921374797821045,0.8343749642372131,0.07078243792057037,0.824999988079071
132,0.07355552911758423,0.8187499642372131,0.07762352377176285,0.824999988079071
133,0.07010971009731293,0.831250011920929,0.07336626946926117,0.8062499761581421
134,0.0700351819396019,0.8296874761581421,0.07394739985466003,0.8125
135,0.06992632150650024,0.8250001072883606,0.07176357507705688,0.8187500238418579
136,0.07095067203044891,0.8265624642372131,0.07996927201747894,0.84375
137,0.07077334821224213,0.8249999284744263,0.07451872527599335,0.856249988079071
138,0.06986191868782043,0.8187500238418579,0.0751381516456604,0.8187500238418579
139,0.07046402990818024,0.8249999284744263,0.07522215694189072,0.831250011920929
140,0.0699383094906807,0.8374999761581421,0.0707504004240036,0.824999988079071
141,0.06949707120656967,0.8468748927116394,0.07259713113307953,0.8187500238418579
142,0.06846769154071808,0.828125,0.0724945217370987,0.8500000238418579
143,0.07176541537046432,0.8250000476837158,0.07624896615743637,0.8374999761581421
144,0.0698699802160263,0.831250011920929,0.07413937896490097,0.8125
145,0.06740632653236389,0.831250011920929,0.07140203565359116,0.831250011920929
146,0.06853491067886353,0.8218749761581421,0.0723782554268837,0.8125
147,0.07170669734477997,0.8531250357627869,0.07211320102214813,0.8187500238418579
148,0.06968045979738235,0.8328125476837158,0.07342396676540375,0.8062499761581421
149,0.06945068389177322,0.8265625238418579,0.07399868965148926,0.8187500238418579
150,0.0709790289402008,0.8281250596046448,0.07754752784967422,0.8187500238418579
151,0.06935577094554901,0.8406249284744263,0.07309509813785553,0.824999988079071
152,0.07077492773532867,0.8140624761581421,0.07212384790182114,0.824999988079071
153,0.06967052817344666,0.8296874761581421,0.07437540590763092,0.8187500238418579
154,0.06834492087364197,0.8484375476837158,0.0707482099533081,0.8500000238418579
155,0.06997224688529968,0.8296875357627869,0.07520467042922974,0.8125
156,0.0681445449590683,0.8343750238418579,0.07308225333690643,0.8187500238418579
157,0.07042836397886276,0.8203125,0.07291296124458313,0.8125
158,0.07062125951051712,0.8468749523162842,0.07215934246778488,0.831250011920929
159,0.07034394145011902,0.8265625238418579,0.07284053415060043,0.8187500238418579
160,0.06902502477169037,0.8343749046325684,0.07322732359170914,0.8125
161,0.06880331039428711,0.840624988079071,0.07463153451681137,0.8187500238418579
162,0.07030893117189407,0.8218749165534973,0.07360122352838516,0.8187500238418579
163,0.0704711452126503,0.8265625238418579,0.07245199382305145,0.824999988079071
164,0.06939194351434708,0.832812488079071,0.07081533968448639,0.824999988079071
165,0.06935117393732071,0.8218749165534973,0.07327620685100555,0.84375
166,0.07071739435195923,0.8406249284744263,0.0769302025437355,0.793749988079071
167,0.06865477561950684,0.8203125596046448,0.07174376398324966,0.8374999761581421
168,0.07089313119649887,0.84375,0.07961399853229523,0.824999988079071
169,0.07211924344301224,0.8250000476837158,0.07355044782161713,0.8374999761581421
170,0.06876110285520554,0.828125,0.07125729322433472,0.8374999761581421
171,0.07101550698280334,0.8281251192092896,0.07270839065313339,0.8187500238418579
172,0.07122477889060974,0.809374988079071,0.0716986432671547,0.8062499761581421
173,0.0684473067522049,0.840624988079071,0.07324077188968658,0.8187500238418579
174,0.07038453966379166,0.8046875,0.0701933354139328,0.824999988079071
175,0.0703616812825203,0.848437488079071,0.07264480739831924,0.8187500238418579
176,0.06882486492395401,0.8406250476837158,0.07110446691513062,0.8187500238418579
177,0.07004094123840332,0.8390625715255737,0.07436083257198334,0.8187500238418579
178,0.06824497133493423,0.8453125357627869,0.07110418379306793,0.8062499761581421
179,0.07101233303546906,0.8312498927116394,0.07252291589975357,0.8062499761581421
180,0.07172112911939621,0.8265625834465027,0.07031355053186417,0.824999988079071
181,0.07032640278339386,0.823437511920929,0.07265433669090271,0.831250011920929
182,0.06890837848186493,0.8250001072883606,0.07401623576879501,0.824999988079071
183,0.06919654458761215,0.8343749642372131,0.07043249905109406,0.831250011920929
184,0.07028978317975998,0.8328125476837158,0.07508506625890732,0.8187500238418579
185,0.06889037042856216,0.8453124761581421,0.07320339977741241,0.824999988079071
186,0.06909647583961487,0.832812488079071,0.07148905843496323,0.8125
187,0.07011274993419647,0.8156248927116394,0.07539769262075424,0.8125
188,0.07013029605150223,0.8328125476837158,0.07243525236845016,0.8125
189,0.06831655651330948,0.8421875238418579,0.07353213429450989,0.800000011920929
190,0.07012130320072174,0.8265625238418579,0.06994830071926117,0.8125
191,0.06933436542749405,0.8390625715255737,0.071016326546669,0.831250011920929
192,0.06871315836906433,0.8390625715255737,0.07357867807149887,0.8125
193,0.06954248994588852,0.840624988079071,0.0731329619884491,0.824999988079071
194,0.06845997273921967,0.8390623927116394,0.0718669518828392,0.824999988079071
195,0.07165128737688065,0.8250000476837158,0.07711942493915558,0.8062499761581421
196,0.0687386617064476,0.8312499523162842,0.07406119257211685,0.831250011920929
197,0.07070395350456238,0.8203125,0.07140275835990906,0.84375
198,0.06952360272407532,0.8374999761581421,0.07158209383487701,0.831250011920929
199,0.06937314569950104,0.831250011920929,0.07564549148082733,0.8374999761581421
200,0.07093069702386856,0.824999988079071,0.07643606513738632,0.8374999761581421
201,0.0698043629527092,0.8359374403953552,0.07553354650735855,0.824999988079071
202,0.06959390640258789,0.828125,0.07098407298326492,0.8500000238418579
203,0.0684647336602211,0.8328125476837158,0.06973433494567871,0.84375
204,0.06992590427398682,0.8406249284744263,0.07183672487735748,0.8187500238418579
205,0.07181356847286224,0.8281249403953552,0.07318494468927383,0.824999988079071
206,0.06829749047756195,0.854687511920929,0.07223701477050781,0.824999988079071
207,0.07007328420877457,0.8406248092651367,0.07389026880264282,0.824999988079071
208,0.06992010027170181,0.832812488079071,0.0744510143995285,0.8125
209,0.06841018050909042,0.8484374284744263,0.07563184201717377,0.8125
210,0.06997144967317581,0.8296874761581421,0.0711427554488182,0.8374999761581421
211,0.06986052542924881,0.8343749642372131,0.07041885703802109,0.8187500238418579
212,0.06862131506204605,0.8281248807907104,0.07308995723724365,0.800000011920929
213,0.07024975121021271,0.8328125476837158,0.07177652418613434,0.831250011920929
214,0.06988979876041412,0.824999988079071,0.07247652113437653,0.831250011920929
215,0.07013348489999771,0.8312500715255737,0.0739574208855629,0.8374999761581421
216,0.06986480951309204,0.8265624642372131,0.07063134014606476,0.831250011920929
217,0.07011418789625168,0.8515625,0.07192341983318329,0.824999988079071
218,0.07157613337039948,0.8343750238418579,0.07172884792089462,0.8187500238418579
219,0.06826036423444748,0.8499999642372131,0.07015495747327805,0.831250011920929
220,0.07021675258874893,0.8375000357627869,0.07436835765838623,0.831250011920929
221,0.06838305294513702,0.8359374403953552,0.07210841029882431,0.8500000238418579
222,0.06887025386095047,0.831250011920929,0.07150043547153473,0.8125
223,0.06982577592134476,0.831250011920929,0.07188811153173447,0.8062499761581421
224,0.06730294972658157,0.8421874642372131,0.07068566232919693,0.84375
225,0.06904292106628418,0.8296874761581421,0.07148627936840057,0.84375
226,0.06993060559034348,0.823437511920929,0.07777068763971329,0.831250011920929
227,0.06927386671304703,0.8218750357627869,0.07298775762319565,0.8187500238418579
228,0.06913529336452484,0.8390623927116394,0.07398009300231934,0.831250011920929
229,0.06832414120435715,0.8375000357627869,0.07551310956478119,0.793749988079071
230,0.06963039934635162,0.8296875357627869,0.0724244937300682,0.831250011920929
231,0.06783594191074371,0.8453124165534973,0.07053656876087189,0.8374999761581421
232,0.07049573957920074,0.8359375596046448,0.07239319384098053,0.831250011920929
233,0.07020258903503418,0.8328126072883606,0.07068048417568207,0.824999988079071
234,0.06771977245807648,0.8250000476837158,0.07204252481460571,0.831250011920929
235,0.07011733949184418,0.832812488079071,0.07304631173610687,0.8125
236,0.07076384872198105,0.8437500596046448,0.07165989279747009,0.8125
237,0.06939247995615005,0.8421874642372131,0.07345739752054214,0.8125
238,0.06877417862415314,0.8406249284744263,0.07088959217071533,0.8125
239,0.06914310902357101,0.8203124403953552,0.07233377546072006,0.8062499761581421
240,0.06760410219430923,0.839062511920929,0.0712205022573471,0.8125
241,0.06822247803211212,0.8406250476837158,0.0748160257935524,0.8500000238418579
242,0.0681600421667099,0.828125,0.07050605118274689,0.824999988079071
243,0.06742580980062485,0.8359375,0.06878794729709625,0.8374999761581421
244,0.06764282286167145,0.846875011920929,0.07186377048492432,0.800000011920929
245,0.07038583606481552,0.8218750357627869,0.07785212993621826,0.84375
246,0.06968729943037033,0.8265624642372131,0.07434108108282089,0.824999988079071
247,0.07267583161592484,0.8343750238418579,0.07820558547973633,0.824999988079071
248,0.06764863431453705,0.8328125476837158,0.07340042293071747,0.824999988079071
249,0.07290530204772949,0.8156251311302185,0.07390408962965012,0.8187500238418579
250,0.07052018493413925,0.8312499523162842,0.07302458584308624,0.824999988079071
251,0.0697031244635582,0.8343749642372131,0.07383187860250473,0.8125
252,0.06999799609184265,0.8218749761581421,0.07251972705125809,0.824999988079071
253,0.06791984289884567,0.8390624523162842,0.07023252546787262,0.831250011920929
254,0.0695899948477745,0.8374999761581421,0.07463699579238892,0.8125
255,0.07089366018772125,0.817187488079071,0.07679768651723862,0.84375
256,0.06902657449245453,0.8234374523162842,0.07165957987308502,0.8125
257,0.06927552819252014,0.8359375,0.07349680364131927,0.824999988079071
258,0.06988528370857239,0.8359375,0.07061021029949188,0.831250011920929
259,0.07033531367778778,0.8359374403953552,0.07954917848110199,0.800000011920929
260,0.06874139606952667,0.839062511920929,0.0727902203798294,0.8187500238418579
261,0.06999754160642624,0.8375000357627869,0.0752352625131607,0.8125
262,0.06862819939851761,0.8500000834465027,0.07101917266845703,0.8187500238418579
263,0.06879487633705139,0.840624988079071,0.07048243284225464,0.824999988079071
264,0.06930974125862122,0.84375,0.07189081609249115,0.824999988079071
265,0.07120102643966675,0.8265625238418579,0.07115601003170013,0.8187500238418579
266,0.07019144296646118,0.8265625238418579,0.07233500480651855,0.8374999761581421
267,0.07079380750656128,0.840624988079071,0.07409654557704926,0.8187500238418579
268,0.06787093728780746,0.840624988079071,0.07239115238189697,0.8125
269,0.06904662400484085,0.8203124403953552,0.07499954104423523,0.8125
270,0.06938059628009796,0.8171874284744263,0.06922990828752518,0.831250011920929
271,0.06786557286977768,0.831250011920929,0.0737195760011673,0.793749988079071
272,0.06827760487794876,0.828125,0.07076205313205719,0.8500000238418579
273,0.0692903995513916,0.8421875834465027,0.07202048599720001,0.824999988079071
274,0.0682520866394043,0.8296875357627869,0.07054464519023895,0.8374999761581421
275,0.06846985965967178,0.8125,0.07388728857040405,0.8187500238418579
276,0.06793190538883209,0.8421874642372131,0.07226245105266571,0.8125
277,0.07086019963026047,0.8328125476837158,0.07073109596967697,0.8374999761581421
278,0.07114587724208832,0.8234374523162842,0.07512711733579636,0.8125
279,0.07156351953744888,0.8140625357627869,0.07247143238782883,0.800000011920929
280,0.06766368448734283,0.8265625238418579,0.07680068910121918,0.8187500238418579
281,0.06797733157873154,0.8359373807907104,0.0747360810637474,0.7875000238418579
282,0.06866493076086044,0.8296874761581421,0.07255149632692337,0.793749988079071
283,0.07036970555782318,0.8359374403953552,0.08138762414455414,0.824999988079071
284,0.0684710294008255,0.839062511920929,0.07045726478099823,0.8187500238418579
285,0.0676191970705986,0.8421875238418579,0.0731789693236351,0.824999988079071
286,0.06703926622867584,0.8515625,0.07211753726005554,0.824999988079071
287,0.07066795229911804,0.8328124284744263,0.07387354224920273,0.824999988079071
288,0.06751783192157745,0.8218749165534973,0.07180503755807877,0.8187500238418579
289,0.06819538027048111,0.8375000357627869,0.07356061786413193,0.8125
290,0.06991234421730042,0.824999988079071,0.07160043716430664,0.8187500238418579
291,0.06881799548864365,0.8343749642372131,0.07238753139972687,0.856249988079071
292,0.06842789053916931,0.839062511920929,0.068181112408638,0.856249988079071
293,0.07031822204589844,0.832812488079071,0.07192938029766083,0.8187500238418579
294,0.06834272295236588,0.848437488079071,0.07518169283866882,0.8062499761581421
295,0.06896349787712097,0.824999988079071,0.07033248245716095,0.8374999761581421
296,0.07246324419975281,0.8156250715255737,0.07337315380573273,0.8062499761581421
297,0.06967725604772568,0.831250011920929,0.07085935771465302,0.8125
298,0.07127062976360321,0.8203124403953552,0.07284190505743027,0.8062499761581421
299,0.0691436231136322,0.8421874046325684,0.07654689252376556,0.793749988079071
300,0.06765825301408768,0.8531250357627869,0.06995894014835358,0.8374999761581421
301,0.07056964933872223,0.8437500596046448,0.07383252680301666,0.824999988079071
302,0.06857506185770035,0.8390625715255737,0.0713074654340744,0.824999988079071
303,0.0696663185954094,0.8343749642372131,0.07242512702941895,0.8125
304,0.06707216799259186,0.840624988079071,0.07278759777545929,0.8187500238418579
305,0.06907795369625092,0.8343749642372131,0.07144336402416229,0.824999988079071
306,0.0687365010380745,0.8328125476837158,0.07290251553058624,0.824999988079071
307,0.0709565058350563,0.8328125476837158,0.07428238540887833,0.8500000238418579
308,0.06996072083711624,0.832812488079071,0.0729583129286766,0.8125
309,0.07026757299900055,0.831250011920929,0.07303512096405029,0.831250011920929
310,0.06722169369459152,0.84375,0.07468827068805695,0.793749988079071
311,0.06882164627313614,0.8359375,0.07025468349456787,0.8187500238418579
312,0.06951594352722168,0.8250000476837158,0.07109189033508301,0.8125
313,0.06931047886610031,0.832812488079071,0.07250883430242538,0.831250011920929
314,0.06918617337942123,0.8374999761581421,0.07020646333694458,0.831250011920929
315,0.06816934794187546,0.8312500715255737,0.07288791239261627,0.824999988079071
316,0.06794338673353195,0.8421874642372131,0.07150035351514816,0.8187500238418579
317,0.06869231909513474,0.84375,0.07164846360683441,0.800000011920929
318,0.06951147317886353,0.828125,0.07262393087148666,0.8125
319,0.06907311081886292,0.832812488079071,0.06896685063838959,0.84375
320,0.06984394043684006,0.817187488079071,0.07052743434906006,0.824999988079071
321,0.06805464625358582,0.84375,0.06941695511341095,0.84375
322,0.06893297284841537,0.839062511920929,0.07286147773265839,0.8187500238418579
323,0.06861946731805801,0.8375000357627869,0.06901435554027557,0.862500011920929
324,0.06747975945472717,0.8374999761581421,0.0686846375465393,0.856249988079071
325,0.06829345971345901,0.8421875238418579,0.07414008677005768,0.800000011920929
326,0.06767411530017853,0.84375,0.07537201046943665,0.8062499761581421
327,0.06886408478021622,0.8375000357627869,0.06867769360542297,0.8374999761581421
328,0.06952562928199768,0.8312499523162842,0.07161331176757812,0.8374999761581421
329,0.06927928328514099,0.8203125596046448,0.07248655706644058,0.8062499761581421
330,0.07040566951036453,0.8203125596046448,0.07215209305286407,0.8500000238418579
331,0.0679791271686554,0.8218749761581421,0.07277564704418182,0.8500000238418579
332,0.0691489651799202,0.8453124761581421,0.06876106560230255,0.8374999761581421
333,0.06984589248895645,0.8187500238418579,0.07087531685829163,0.8187500238418579
334,0.0687335729598999,0.8421875238418579,0.0710715502500534,0.8374999761581421
335,0.06963622570037842,0.8187500834465027,0.06996530294418335,0.8062499761581421
336,0.06904542446136475,0.839062511920929,0.07332291454076767,0.8062499761581421
337,0.06907723844051361,0.8296874761581421,0.07435336709022522,0.8500000238418579
338,0.07005105912685394,0.832812488079071,0.07347182929515839,0.8187500238418579
339,0.07226457446813583,0.8234374523162842,0.07161729037761688,0.824999988079071
340,0.06830710917711258,0.824999988079071,0.0707160159945488,0.824999988079071
341,0.07052535563707352,0.8359375596046448,0.07385516166687012,0.831250011920929
342,0.06984607875347137,0.8249999284744263,0.07320742309093475,0.8187500238418579
343,0.06829750537872314,0.84375,0.07255363464355469,0.8187500238418579
344,0.06870970129966736,0.824999988079071,0.06933002173900604,0.8500000238418579
345,0.07017339766025543,0.8265625238418579,0.07462074607610703,0.8187500238418579
346,0.06846708804368973,0.8468750715255737,0.07466036081314087,0.8187500238418579
347,0.0684528723359108,0.8187500238418579,0.07218164950609207,0.8500000238418579
348,0.06903640180826187,0.848437488079071,0.07298265397548676,0.8187500238418579
349,0.07011638581752777,0.8453125357627869,0.07292727380990982,0.793749988079071
350,0.06988095492124557,0.8265624642372131,0.07296119630336761,0.8062499761581421
351,0.0705563873052597,0.846875011920929,0.07320541143417358,0.8187500238418579
352,0.0693560391664505,0.8296874761581421,0.07003100216388702,0.824999988079071
353,0.0700642317533493,0.8343749642372131,0.07376103848218918,0.8125
354,0.06834152340888977,0.8312500715255737,0.07461872696876526,0.8125
355,0.07150175422430038,0.8234374523162842,0.07487072050571442,0.84375
356,0.06832278519868851,0.8375000357627869,0.07108905911445618,0.8125
357,0.06932691484689713,0.84375,0.07112547755241394,0.8187500238418579
358,0.06932738423347473,0.831250011920929,0.07137712091207504,0.7875000238418579
359,0.07112868875265121,0.8375000357627869,0.07566124200820923,0.824999988079071
360,0.06908843666315079,0.8421875238418579,0.07312238216400146,0.800000011920929
361,0.06783127784729004,0.8343749046325684,0.07112832367420197,0.84375
362,0.06897714734077454,0.832812488079071,0.07225822657346725,0.824999988079071
363,0.06881728768348694,0.8453125357627869,0.0751122459769249,0.8062499761581421
364,0.06672501564025879,0.8499999642372131,0.07050706446170807,0.8125
365,0.06863556802272797,0.840624988079071,0.07287120819091797,0.856249988079071
366,0.06922373175621033,0.8343749642372131,0.07403484731912613,0.8125
367,0.06933234632015228,0.8359374403953552,0.07156501710414886,0.824999988079071
368,0.06871186196804047,0.8374999761581421,0.07384040206670761,0.800000011920929
369,0.0694115161895752,0.8406251072883606,0.0777934342622757,0.8125
370,0.06964448094367981,0.8203125,0.07258462905883789,0.831250011920929
371,0.06945616751909256,0.8421875238418579,0.07320640236139297,0.8125
372,0.0678078904747963,0.84375,0.07453665882349014,0.824999988079071
373,0.06849866360425949,0.8375000357627869,0.07352541387081146,0.856249988079071
374,0.06822043657302856,0.8437499403953552,0.0735337883234024,0.824999988079071
375,0.06999307870864868,0.8437500596046448,0.07734987139701843,0.8500000238418579
376,0.06691735982894897,0.848437488079071,0.07205577194690704,0.84375
377,0.06763539463281631,0.8374999761581421,0.07642459869384766,0.7875000238418579
378,0.06912964582443237,0.8281249403953552,0.07474516332149506,0.831250011920929
379,0.07232536375522614,0.8296875357627869,0.07564036548137665,0.800000011920929
380,0.06711463630199432,0.8453125357627869,0.06974593549966812,0.84375
381,0.07125624269247055,0.8328125476837158,0.07595010846853256,0.831250011920929
382,0.07001835852861404,0.8296875357627869,0.07379404455423355,0.8187500238418579
383,0.06818836182355881,0.840624988079071,0.07465463131666183,0.8374999761581421
384,0.06792688369750977,0.856249988079071,0.07639700174331665,0.824999988079071
385,0.06883746385574341,0.8406250476837158,0.07386531680822372,0.831250011920929
386,0.06824754178524017,0.8500000238418579,0.07086008787155151,0.8125
387,0.06786174327135086,0.828125,0.07285957038402557,0.8125
388,0.06907965987920761,0.8468749523162842,0.07033129781484604,0.824999988079071
389,0.06881620734930038,0.859375,0.0713762640953064,0.800000011920929
390,0.0703662633895874,0.8374999761581421,0.07751861959695816,0.78125
391,0.06913010776042938,0.84375,0.07476554065942764,0.824999988079071
392,0.06802099943161011,0.8499999642372131,0.07200387865304947,0.8187500238418579
393,0.06948325037956238,0.8624999523162842,0.07239145040512085,0.8062499761581421
394,0.06821780651807785,0.840624988079071,0.07132947444915771,0.831250011920929
395,0.06786073744297028,0.8421874642372131,0.07074140012264252,0.856249988079071
396,0.06863176822662354,0.8343750238418579,0.07078961282968521,0.8125
397,0.06789375096559525,0.8453125357627869,0.07038988173007965,0.8187500238418579
398,0.06735461205244064,0.84375,0.06961913406848907,0.831250011920929
399,0.06931538134813309,0.8296875357627869,0.07366720587015152,0.831250011920929
